-2.003774 86 3628.193854 42.188300 
-1.803774 40 1691.108951 42.277723 
-1.603774 31 2423.587560 78.180243 
-1.403774 34 1792.280568 52.714134 
-1.203774 38 1606.421669 42.274254 
-1.003774 74 3281.905669 44.350076 
-0.803774 36 1540.855442 42.801540 
-0.603774 48 2190.052983 45.626103 
-0.403774 41 2187.572537 53.355427 
-0.203774 35 1728.276827 49.379337 
-0.003774 59 10795.030829 182.966624 
0.196225 29 1456.656428 50.229532 
0.396225 36 4305.379647 119.593879 
0.596225 33 1404.371404 42.556709 
0.796225 30 1314.430221 43.814340 
0.996225 72 4657.019395 64.680824 
1.196225 44 1941.928608 44.134741 
1.396225 44 2318.138591 52.684967 
1.596225 37 1508.628940 40.773755 
1.796225 54 2772.414772 51.341014 
1.996225 95 5088.365861 53.561745 
2.196225 86 4874.401600 56.679088 
2.396225 93 4933.600664 53.049469 
2.596225 76 3779.541086 49.730803 
2.796225 74 4700.534801 63.520740 
2.996225 94 5310.298901 56.492541 
3.196225 69 3317.218073 48.075624 
3.396225 87 5540.532683 63.684283 
3.596225 96 4548.836016 47.383708 
3.796225 138 9520.346788 68.988020 
3.996225 170 16220.407735 95.414163 
4.196225 123 9870.814654 80.250525 
4.396225 101 5573.501323 55.183181 
4.596225 89 5925.316874 66.576594 
4.796225 82 4171.815502 50.875798 
4.996225 123 7675.175646 62.399802 
5.196225 96 6722.639055 70.027490 
5.396225 94 5956.039435 63.362121 
5.596225 113 8750.973643 77.442244 
5.796225 81 6256.585533 77.241796 
5.996225 174 12560.963933 72.189447 
6.196225 88 5387.544779 61.222099 
6.396225 85 6454.632035 75.936847 
6.596225 89 6914.767489 77.694016 
6.796225 112 6997.853150 62.480831 
6.996225 142 10459.562981 73.658894 
7.196225 102 11638.505473 114.102994 
7.396225 110 9304.585523 84.587141 
7.596225 118 9523.217836 80.705235 
7.796225 134 10612.257939 79.195954 
7.996225 113 9681.889291 85.680436 
8.196225 222 24218.629484 109.092925 
8.396225 163 18223.761871 111.802220 
8.596225 165 21634.065793 131.115550 
8.796225 166 17172.768562 103.450413 
8.996225 181 19172.978265 105.928056 
9.196225 324 45201.895996 139.512024 
9.396225 225 32579.721399 144.798761 
9.596225 211 25949.191340 122.981949 
9.796225 266 26510.088409 99.661986 
9.996225 238 24951.430271 104.837942 
10.196225 361 48510.266372 134.377469 
10.396225 254 35770.045147 140.826949 
10.596225 226 31148.338228 137.824505 
10.796225 258 41796.396996 162.001538 
10.996225 278 46106.542247 165.850871 
11.196225 385 61261.229837 159.120077 
11.396225 282 35574.186140 126.149596 
11.596225 294 48823.097438 166.064957 
11.796225 278 48887.062355 175.852742 
11.996225 288 48930.714617 169.898314 
12.196225 409 75198.400599 183.859170 
12.396225 268 44390.530610 165.636308 
12.596225 251 44224.183754 176.191967 
12.796225 290 56642.687072 195.319610 
12.996225 294 56748.956262 193.023660 
13.196225 479 85583.453043 178.671091 
13.396225 362 56865.303739 157.086474 
13.596225 356 78692.259683 221.045673 
13.796225 320 61801.638536 193.130120 
13.996225 307 92119.373271 300.063105 
14.196225 457 92147.088272 201.634766 
14.396225 239 64616.123417 270.360349 
14.596225 286 51027.857792 178.419083 
14.796225 285 67737.443134 237.675239 
14.996225 331 72548.466803 219.179658 
15.196225 385 83128.185346 215.917364 
15.396225 207 38434.139658 185.672172 
15.596225 179 44631.721609 249.339226 
15.796225 180 34419.209136 191.217828 
15.996225 151 18416.066066 121.960702 
16.196225 202 35748.795256 176.974233 
16.396225 137 19799.460860 144.521612 
16.596225 123 16193.318026 131.652992 
16.796225 124 10232.805842 82.522627 
16.996225 108 10502.746554 97.247653 
17.196225 118 9712.924355 82.312918 
17.396225 186 15502.968100 83.349290 
17.596225 104 6281.878420 60.402677 
17.796225 102 9878.802767 96.851007 
17.996225 87 11029.971893 126.781286 
18.196225 103 5635.102745 54.709735 
18.396225 120 6424.749169 53.539576 
18.596225 85 4629.031151 54.459190 
18.796225 88 7401.797477 84.111334 
18.996225 64 2482.767088 38.793235 
19.196225 88 6582.209657 74.797837 
19.396225 90 6563.459776 72.927330 
19.596225 61 3636.201633 59.609862 
19.796225 71 3242.921405 45.674949 
19.996225 59 3034.445346 51.431277 
20.196225 68 3583.486919 52.698337 
20.396225 106 5131.705627 48.412317 
20.596225 61 2794.211580 45.806747 
20.796225 74 3139.093530 42.420182 
20.996225 59 2617.317521 44.361313 
21.196225 58 2607.161291 44.951056 
21.396225 84 3552.549498 42.292255 
21.596225 45 1994.408969 44.320199 
21.796225 54 2447.747645 45.328660 
21.996225 52 2439.974214 46.922581 
22.196225 26 931.911680 35.842756 
